eval_loss = 1.1032251785410212
f1_score = 0.01611721611721612
precision = 0.2391304347826087
recall = 0.008339651250947688
